%Cargo por demanda contratada, Eur/kW-año
kappa=[28.79187 
 15.07764
 6.55917
 5.17209
 1.93281
 0.91609];
Pbmax_noPV=[570.0
560.0
480.0
480.0
460.0
370.0];
Pbmax_PV=[504.43000000 ;
453.96686700
404.47000000
442.91000000
338.05515300
564.30000000];
% peajes y cargos Eur/kWh
psi=[0.0228205053081
0.0228205053081
0.0228205053081
0.0228205053081
0.0228205053081
0.0228205053081
0.0228205053081
0.0228205053081
0.0210743713052
0.0319883482994
0.0221906474350
0.0221906474350
0.0221906474350
0.0221906474350
0.0210743713052
0.0210743713052
0.0210743713052
0.0210743713052
0.0720344854462
0.0512182441618
0.0512182441618
0.0512182441618
0.0210743713052
0.0210743713052];
% Precios spot medios 2024 (Eur/kWh)
lambda=[0.068746795
0.064382932
0.062238411
0.060464137
0.060655534
0.065132137
0.073826082
0.076148795
0.069382712
0.056760082
0.04694937
0.04184674
0.039593726
0.037885123
0.036840932
0.038253699
0.046423205
0.059484767
0.076155178
0.090286438
0.099023507
0.09037211
0.081188795
0.074767233];
% irradiancia pu
Ppvu=[0.00000000000000
0.00000000000000
0.00000000000000
0.00000000000000
0.00000000000000
0.00000000000000
0.04749275000000
0.20003433333333
0.37194291666667
0.51218625000000
0.60512683333333
0.64530983333333
0.62725766666667
0.56879991666667
0.47320525000000
0.33716141666667
0.18857008333333
0.04351358333333
0.00000000000000
0.00000000000000
0.00000000000000
0.00000000000000
0.00000000000000
0.00000000000000];
% Factores de carga pu
PLu=[0.135388629091
0.090377249177
0.076343641407
0.075224251242
0.074307578750
0.073105608680
0.073406190057
0.085516408757
0.883664344082
1.000000000000
0.967245871301
0.966410238486
0.122847383568
0.892179315689
0.968865480059
0.959187873431
0.947290206165
0.647289021375
0.627968640962
0.659335616820
0.581590012689
0.179217943417
0.144883067091
0.138041019820];