%Cargos y peajes Colombia 2024
T=0.0134054167;% USD/kWh 
D=0.0271243750;% USD/kWh 
PR=0.0124406250;% USD/kWh
Cv=0.0332450000;%USD/kWh
R=0.0048441667;%USD/kWh
CU=0.1904289583;%USD/kWh
Cm=0.1544392818;%USD/kWh
 
% irradiancia pu
Ppvu=[0.00000000000000
0.00000000000000
0.00000000000000
0.00000000000000
0.00000000000000
0.00000000000000
0.04749275000000
0.20003433333333
0.37194291666667
0.51218625000000
0.60512683333333
0.64530983333333
0.62725766666667
0.56879991666667
0.47320525000000
0.33716141666667
0.18857008333333
0.04351358333333
0.00000000000000
0.00000000000000
0.00000000000000
0.00000000000000
0.00000000000000
0.00000000000000];
% Factores de carga pu
PLu=[0.135388629091
0.090377249177
0.076343641407
0.075224251242
0.074307578750
0.073105608680
0.073406190057
0.085516408757
0.883664344082
1.000000000000
0.967245871301
0.966410238486
0.122847383568
0.892179315689
0.968865480059
0.959187873431
0.947290206165
0.647289021375
0.627968640962
0.659335616820
0.581590012689
0.179217943417
0.144883067091
0.138041019820];